54
76
96
19
30
81
54
58
86
20
62
47
26
26
23
54
8
30
19
92
94
52
23
82
50
72
4
100
97
4
96
57
38
93
79
26
31
47
37
2
47
34
63
52
6
47
7
8
82
94
13
15
37
48
2
3
54
14
70
58
78
54
62
82
25
5
9
34
47
98
23
61
93
18
45
60
89
72
77
3
65
96
19
4
92
82
21
91
91
77
72
18
78
79
24
93
73
82
27
1
39
74
61
84
71
52
22
20
3
42
15
83
38
68
94
83
36
59
90
43
85
18
43
71
27
6
84
14
95
53
88
7
45
76
64
92
36
35
33
41
61
1
89
50
62
89
80
11
86
42
57
14
92
84
16
22
31
90
58
65
69
8
25
50
55
8
39
63
4
3
47
1
26
50
83
85
29
94
10
38
27
74
29
54
96
74
16
61
61
43
61
46
78
69
72
53
77
40
96
54
51
18
7
84
95
57
89
42
2
32
93
38
81
20
38
96
79
72
54
81
93
78
2
62
42
2
24
57
78
30
8
90
99
56
88
10
67
46
59
40
85
74
60
29
50
24
66
58
31
77
75
5
86
15
62
73
16
46
42
93
33
33
65
72
24
3
39
26
33
29
29
34
13
15
96
19
19
73
12
19
37
66
26
1
56
4
5
84
94
15
94
22
5
67
7
53
10
89
6
47
85
40
26
3
49
41
92
71
20
43
55
43
34
23
57
68
7
64
16
20
99
56
32
19
35
7
30
47
8
43
10
31
68
66
34
97
41
24
53
16
13
34
65
52
61
52
89
82
10
40
47
47
73
86
49
30
9
8
68
42
12
45
63
77
34
24
76
68
89
61
28
83
11
1
8
65
91
81
58
84
19
49
38
69
97
64
58
82
18
5
88
34
57
11
4
68
71
89
19
37
76
21
93
49
12
65
36
73
79
84
39
29
50
84
24
64
8
95
80
70
67
94
51
85
73
95
26
100
97
41
94
3
63
21
8
98
56
89
57
33
28
85
4
34
67
60
84
73
88
40
61
77
9
49
71
83
71
9
77
18
39
37
76
38
91
36
66
29
77
27
8
19
38
48
43
82
91
18
18
13
11
53
12
57
81
17
95
15
51
26
27
48
13
40
94
91
10
66
43
31
95
56
97
62
33
42
40
62
6
90
92
53
91
64
7
86
25
19
58
75
42
52
79
51
100
61
7
98
54
52
72
25
76
87
19
56
56
51
25
39
78
33
9
61
34
74
58
49
33
8
67
91
9
69
90
43
77
47
62
72
36
42
8
54
18
68
78
4
46
52
30
74
95
19
97
9
43
18
18
26
4
58
66
46
86
82
17
7
98
76
79
10
89
53
4
36
26
56
43
67
97
54
4
82
78
93
96
90
72
81
1
59
29
37
69
78
77
62
68
36
51
72
7
70
73
21
86
42
16
62
83
87
76
51
30
50
55
85
69
94
86
27
36
17
76
20
81
53
85
27
59
65
88
7
16
26
47
34
9
58
8
55
75
10
99
14
84
79
8
19
23
93
94
75
51
25
36
91
95
54
40
34
58
89
4
19
100
69
36
5
4
21
76
11
86
32
53
26
19
62
37
3
46
66
5
66
71
13
57
92
90
57
40
56
19
75
98
86
7
80
15
16
43
3
16
2
17
83
90
19
72
11
73
33
17
37
88
93
85
38
48
87
12
45
16
48
82
21
92
12
35
67
20
39
48
21
60
43
50
3
50
88
24
38
20
79
85
7
39
83
87
6
2
69
32
28
4
99
88
69
20
96
92
78
85
5
92
34
85
96
77
46
43
83
89
60
64
75
25
37
63
75
83
10
26
29
66
51
8
21
18
62
55
82
83
54
97
47
53
16
88
52
22
43
6
41
63
19
81
73
65
30
75
52
6
46
14
82
53
56
39
41
27
65
79
16
92
61
100
35
64
18
22
9
50
12
54
41
4
86
67
47
70
36
57
89
87
4
76
38
41
15
95
97
77
47
26
58
64
91
49
2
20
46
9
48
8
66
2
95
93
73
79
68
90
92
72
91
9
90
29
89
86
63
95
49
24
25
33
3
87
96
77
14
37
65
28
24
27
10
82
22
2
82
46
68
37
27
7
85
76
35
49
74
62
61
17
58
52
61
25
83
34
100
9
97
96
65
31
26
65
48
65
100
9
8
88
4
17
27
12
97
19
48
28
53
48
3
52
77
48
71
73
66
85
99
89
3
74
50
73
72
97
82
21
28
70
50
66
55
73
14
41
26
49
28
65
86
72
56
